 DSW  1 100 152 699 0.006667  AVL  1 100 39 2197 0.026667 
 DSW  1 1100 1748 7885 0.080000  AVL  1 1100 430 41621 0.413333 
 DSW  1 2100 3347 15080 0.053333  AVL  1 2100 825 88413 0.926667 
 DSW  1 3099 4946 22279 0.153333  AVL  1 3099 1211 141154 1.546667 
 DSW  1 4099 6545 29475 0.233333  AVL  1 4099 1609 191865 2.066667 
 DSW  1 5100 8145 36672 0.260000  AVL  1 5100 1990 242902 2.420000 
 DSW  1 6100 9744 43871 0.273333  AVL  1 6100 2381 305684 2.786667 
 DSW  1 7099 11344 51070 0.373333  AVL  1 7099 2770 354964 3.313333 
 DSW  1 8098 12944 58268 0.420000  AVL  1 8098 3148 423671 3.800000 
 DSW  1 9099 14543 65466 0.580000  AVL  1 9099 3544 483008 4.666667 
 DSW  1 10096 16142 72664 0.633333  AVL  1 10096 3924 545930 5.460000 
 DSW  1 11100 17742 79863 0.626667  AVL  1 11100 4314 624656 5.873333 
 DSW  1 12099 19341 87058 0.766667  AVL  1 12099 4700 681424 6.406667 
 DSW  1 13100 20941 94259 0.900000  AVL  1 13100 5102 734807 7.100000 
 DSW  1 14098 22542 101460 0.980000  AVL  1 14098 5480 808788 7.926667 
 DSW  1 15096 24141 108655 1.020000  AVL  1 15096 5874 886918 8.553333 
 DSW  1 16096 25741 115856 1.066667  AVL  1 16096 6256 932379 9.293333 
 DSW  1 17097 27339 123051 1.080000  AVL  1 17097 6658 1014114 10.186667 
 DSW  1 18098 28939 130249 1.020000  AVL  1 18098 7035 1073523 10.720000 
 DSW  1 19098 30539 137448 1.180000  AVL  1 19098 7414 1100350 11.320000 
 DSW  1 20097 32138 144646 1.226667  AVL  1 20097 7818 1223847 12.446667 
 DSW  1 21097 33738 151846 1.393333  AVL  1 21097 8189 1278030 13.133333 
 DSW  1 22095 35337 159042 1.500000  AVL  1 22095 8593 1408188 14.493333 
 DSW  1 23097 36937 166240 1.506667  AVL  1 23097 8977 1415984 15.040000 
 DSW  1 24093 38537 173440 1.626667  AVL  1 24093 9377 1466926 15.160000 
 DSW  1 25097 40137 180639 1.626667  AVL  1 25097 9754 1542487 16.086667 
 DSW  1 26094 41736 187837 1.686667  AVL  1 26094 10157 1608423 16.840000 
 DSW  1 27095 43336 195036 1.666667  AVL  1 27095 10533 1694163 17.740000 
 DSW  1 28095 44936 202235 1.986667  AVL  1 28095 10930 1779560 18.813333 
 DSW  1 29095 46535 209434 2.086667  AVL  1 29095 11300 1835616 18.986667 
 DSW  1 30094 48135 216632 2.626667  AVL  1 30094 11722 1911421 22.373333 
 DSW  1 31094 49735 223829 1.933333  AVL  1 31094 12107 1970818 21.580000 
 DSW  1 32095 51334 231027 1.860000  AVL  1 32095 12506 2096972 22.026667 
 DSW  1 33089 52933 238226 1.820000  AVL  1 33089 12887 2086868 21.780000 
 DSW  1 34097 54533 245423 2.113333  AVL  1 34097 13269 2164895 22.673333 
 DSW  1 35092 56133 252622 2.160000  AVL  1 35092 13658 2219019 23.006667 
 DSW  1 36093 57733 259822 2.213333  AVL  1 36093 14052 2346805 24.440000 
 DSW  1 37097 59332 267018 2.220000  AVL  1 37097 14418 2410121 25.126667 
 DSW  1 38093 60932 274219 2.260000  AVL  1 38093 14811 2440281 25.613333 
 DSW  1 39095 62531 281414 2.393333  AVL  1 39095 15199 2580654 27.240000 
 DSW  1 40096 64131 288615 2.453333  AVL  1 40096 15610 2654571 28.260000 
 DSW  1 41092 65731 295814 2.560000  AVL  1 41092 15983 2748257 28.633333 
 DSW  1 42093 67330 303011 2.640000  AVL  1 42093 16367 2819069 30.046667 
 DSW  1 43092 68930 310210 2.980000  AVL  1 43092 16765 2862944 34.440000 
 DSW  1 44091 70530 317410 3.046667  AVL  1 44091 17157 3007126 33.926667 
 DSW  1 45096 72130 324608 2.953333  AVL  1 45096 17516 3044721 33.546667 
 DSW  1 46092 73729 331807 3.353333  AVL  1 46092 17922 3145308 34.566667 
 DSW  1 47090 75329 339006 3.593333  AVL  1 47090 18309 3110969 35.553333 
 DSW  1 48093 76928 346202 3.466667  AVL  1 48093 18686 3220047 36.073333 
 DSW  1 49093 78528 353402 3.420000  AVL  1 49093 19102 3385458 38.306667 
 DSW  1 50092 80127 360598 3.500000  AVL  1 50092 19479 3372389 39.340000 
 DSW  1 51093 81727 367799 3.666667  AVL  1 51093 19876 3455509 39.726667 
 DSW  1 52089 83327 374998 3.806667  AVL  1 52089 20261 3611331 41.640000 
 DSW  1 53096 84928 382199 3.846667  AVL  1 53096 20653 3596263 41.180000 
 DSW  1 54090 86526 389394 4.073333  AVL  1 54090 21060 3718337 42.813333 
 DSW  1 55086 88126 396592 4.153333  AVL  1 55086 21420 3784947 43.526667 
 DSW  1 56085 89727 403796 4.233333  AVL  1 56085 21818 3837908 44.860000 
 DSW  1 57092 91326 410991 4.166667  AVL  1 57092 22219 3859603 44.660000 
 DSW  1 58091 92925 418190 4.373333  AVL  1 58091 22600 4046390 46.760000 
 DSW  1 59089 94525 425387 4.533333  AVL  1 59089 22958 4081302 48.173333 
 DSW  1 60084 96125 432589 4.546667  AVL  1 60084 23365 4076523 46.933333 
 DSW  1 61090 97723 439780 4.740000  AVL  1 61090 23729 4292632 50.133333 
 DSW  1 62090 99323 446980 4.860000  AVL  1 62090 24156 4320798 51.980000 
 DSW  1 63089 100923 454179 4.586667  AVL  1 63089 24561 4413032 52.126667 
 DSW  1 64089 102523 461381 4.946667  AVL  1 64089 24900 4473633 53.473333 
 DSW  1 65087 104122 468575 5.206667  AVL  1 65087 25299 4553170 54.533333 
 DSW  1 66087 105722 475776 5.073333  AVL  1 66087 25732 4893327 57.793333 
 DSW  1 67087 107321 482971 5.080000  AVL  1 67087 26096 5223241 61.046667 
 DSW  1 68086 108919 490164 5.280000  AVL  1 68086 26502 5466064 65.280000 
 DSW  1 69084 110518 497359 5.380000  AVL  1 69084 26895 5703271 68.360000 
 DSW  1 70083 112118 504559 5.720000  AVL  1 70083 27268 6060370 73.113333 
 DSW  1 71089 113718 511761 5.586667  AVL  1 71089 27650 6155160 72.846667 
 DSW  1 72088 115317 518956 5.726667  AVL  1 72088 28045 6389171 77.253333 
 DSW  1 73081 116918 526158 4.993333  AVL  1 73081 28459 6672483 68.066667 
 DSW  1 74081 118516 533351 4.566667  AVL  1 74081 28836 6872581 64.953333 
 DSW  1 75087 120115 540547 4.386667  AVL  1 75087 29237 6987473 65.233333 
 DSW  1 76078 121716 547749 4.553333  AVL  1 76078 29620 6949969 64.493333 
 DSW  1 77084 123315 554945 4.606667  AVL  1 77084 30001 7446975 69.153333 
 DSW  1 78080 124914 562141 4.680000  AVL  1 78080 30407 7346926 69.173333 
 DSW  1 79088 126515 569347 4.760000  AVL  1 79088 30786 7528735 70.406667 
 DSW  1 80084 128114 576540 4.873333  AVL  1 80084 31183 7563260 70.606667 
 DSW  1 81086 129713 583738 5.033333  AVL  1 81086 31545 7954316 74.586667 
 DSW  1 82078 131313 590937 5.226667  AVL  1 82078 31934 7816165 74.880000 
 DSW  1 83084 132913 598135 5.060000  AVL  1 83084 32283 8335377 78.206667 
 DSW  1 84088 134513 605335 5.126667  AVL  1 84088 32714 8423239 79.053333 
 DSW  1 85082 136112 612531 5.273333  AVL  1 85082 33102 8746381 83.613333 
 DSW  1 86080 137711 619726 5.166667  AVL  1 86080 33463 8440384 79.200000 
 DSW  1 87085 139311 626929 5.293333  AVL  1 87085 33866 8946898 84.193333 
 DSW  1 88086 140912 634133 5.453333  AVL  1 88086 34266 8593703 81.400000 
 DSW  1 89086 142511 641328 5.360000  AVL  1 89086 34648 8923452 84.113333 
 DSW  1 90079 144110 648521 5.520000  AVL  1 90079 35034 9136078 86.686667 
 DSW  1 91079 145709 655719 5.620000  AVL  1 91079 35442 9364657 88.866667 
 DSW  1 92081 147310 662923 5.600000  AVL  1 92081 35859 9396630 88.980000 
 DSW  1 93079 148909 670120 5.786667  AVL  1 93079 36232 9415428 90.666667 
 DSW  1 94080 150508 677316 5.826667  AVL  1 94080 36629 9849153 93.813333 
 DSW  1 95089 152109 684517 5.953333  AVL  1 95089 36987 9546383 90.793333 
 DSW  1 96086 153709 691719 6.046667  AVL  1 96086 37399 9879753 94.000000 
 DSW  1 97083 155307 698912 6.186667  AVL  1 97083 37765 9964985 97.266667 
 DSW  1 98075 156907 706112 6.226667  AVL  1 98075 38165 10414430 104.226667 
 DSW  1 99078 158508 713314 6.053333  AVL  1 99078 38520 10394060 99.046667 
 
