 valeurs;temps;profondeur;acces; noeuds ajoutés;feuille;taille;eclatements 
999998; 0.160; 3;  16120; 252;  15872; 16124; 16120;
 1999996; 0.320; 3;  32245; 504;  31745; 32249; 32245;
 2999994; 0.490; 3;  48370; 756;  47618; 48374; 48370;
 3999992; 0.650; 3;  64495; 1008;  63491; 64499; 64495;
 4999990; 0.821; 3;  80620; 1260;  79364; 80624; 80620;
 5999988; 0.981; 3;  96745; 1512;  95237; 96749; 96745;
 6999986; 1.161; 3;  112870; 1764;  111110; 112874; 112870;
 7999984; 1.321; 3;  128995; 2016;  126983; 128999; 128995;
 8999982; 1.481; 3;  145119; 2267;  142856; 145123; 145119;
 9999980; 1.661; 3;  161244; 2519;  158729; 161248; 161244;
 10999978; 1.833; 3;  177369; 2771;  174602; 177373; 177369;
 11999976; 1.991; 3;  193494; 3023;  190475; 193498; 193494;
 12999974; 2.161; 3;  209619; 3275;  206348; 209623; 209619;
 13999972; 2.321; 3;  225744; 3527;  222221; 225748; 225744;
 14999970; 2.491; 3;  241869; 3779;  238094; 241873; 241869;
 15999968; 2.661; 3;  257994; 4031;  253967; 257998; 257994;
 16999966; 2.821; 3;  274118; 4282;  269840; 274122; 274118;
 17999964; 2.991; 3;  290243; 4534;  285713; 290247; 290243;
 18999962; 3.151; 3;  306368; 4786;  301586; 306372; 306368;
 19999960; 3.331; 3;  322493; 5038;  317459; 322497; 322493;
 20999958; 3.492; 3;  338618; 5290;  333332; 338622; 338618;
 21999956; 3.651; 3;  354743; 5542;  349205; 354747; 354743;
 22999954; 3.822; 3;  370868; 5794;  365078; 370872; 370868;
 23999952; 3.991; 3;  386993; 6046;  380951; 386997; 386993;
 24999950; 4.162; 3;  403117; 6297;  396824; 403121; 403117;
 25999948; 4.322; 3;  419242; 6549;  412697; 419246; 419242;
 26999946; 4.492; 3;  435367; 6801;  428570; 435371; 435367;
 27999944; 4.652; 3;  451492; 7053;  444443; 451496; 451492;
 28999942; 4.821; 3;  467617; 7305;  460316; 467621; 467617;
 29999940; 4.982; 3;  483742; 7557;  476189; 483746; 483742;
 30999938; 5.152; 3;  499867; 7809;  492062; 499871; 499867;
 31999936; 5.322; 3;  515992; 8061;  507935; 515996; 515992;
 32999934; 5.492; 3;  532116; 8312;  523808; 532120; 532116;
 33999932; 5.743; 4;  548242; 8566;  539681; 548247; 548242;
 34999930; 5.903; 4;  564367; 8818;  555554; 564372; 564367;
 35999928; 6.073; 4;  580492; 9070;  571427; 580497; 580492;
 36999926; 6.243; 4;  596617; 9322;  587300; 596622; 596617;
 37999924; 6.413; 4;  612742; 9574;  603173; 612747; 612742;
 38999922; 6.583; 4;  628867; 9826;  619046; 628872; 628867;
 39999920; 6.753; 4;  644992; 10078;  634919; 644997; 644992;
 40999918; 6.913; 4;  661116; 10329;  650792; 661121; 661116;
 41999916; 7.083; 4;  677241; 10581;  666665; 677246; 677241;
 42999914; 7.253; 4;  693366; 10833;  682538; 693371; 693366;
 43999912; 7.413; 4;  709491; 11085;  698411; 709496; 709491;
 44999910; 7.583; 4;  725616; 11337;  714284; 725621; 725616;
 45999908; 7.753; 4;  741741; 11589;  730157; 741746; 741741;
 46999906; 7.923; 4;  757866; 11841;  746030; 757871; 757866;
 47999904; 8.093; 4;  773991; 12093;  761903; 773996; 773991;
 48999902; 8.263; 4;  790115; 12344;  777776; 790120; 790115;
 49999900; 8.453; 4;  806241; 12597;  793649; 806246; 806241;
 50999898; 8.623; 4;  822366; 12849;  809522; 822371; 822366;
 51999896; 8.783; 4;  838491; 13101;  825395; 838496; 838491;
 52999894; 8.953; 4;  854616; 13353;  841268; 854621; 854616;
 53999892; 9.184; 4;  870741; 13605;  857141; 870746; 870741;
 54999890; 9.364; 4;  886866; 13857;  873014; 886871; 886866;
 55999888; 9.537; 4;  902991; 14109;  888887; 902996; 902991;
 56999886; 9.694; 4;  919115; 14360;  904760; 919120; 919115;
 57999884; 9.864; 4;  935240; 14612;  920633; 935245; 935240;
 58999882; 10.039; 4;  951365; 14864;  936506; 951370; 951365;
 59999880; 10.203; 4;  967490; 15116;  952379; 967495; 967490;
 60999878; 10.364; 4;  983615; 15368;  968252; 983620; 983615;
 61999876; 10.542; 4;  999740; 15620;  984125; 999745; 999740;
 62999874; 10.704; 4;  1015864; 15872;  999997; 1015869; 1015864;
 63999872; 10.874; 4;  1031989; 16124;  1015870; 1031994; 1031989;
 64999870; 11.044; 4;  1048113; 16375;  1031743; 1048118; 1048113;
 65999868; 11.214; 4;  1064239; 16628;  1047616; 1064244; 1064239;
 66999866; 11.374; 4;  1080365; 16881;  1063489; 1080370; 1080365;
 67999864; 11.545; 4;  1096490; 17133;  1079362; 1096495; 1096490;
 68999862; 11.714; 4;  1112615; 17385;  1095235; 1112620; 1112615;
 69999860; 11.885; 4;  1128740; 17637;  1111108; 1128745; 1128740;
 70999858; 12.055; 4;  1144865; 17889;  1126981; 1144870; 1144865;
 71999856; 12.224; 4;  1160990; 18141;  1142854; 1160995; 1160990;
 72999854; 12.385; 4;  1177114; 18392;  1158727; 1177119; 1177114;
 73999852; 12.555; 4;  1193239; 18644;  1174600; 1193244; 1193239;
 74999850; 12.725; 4;  1209364; 18896;  1190473; 1209369; 1209364;
 75999848; 12.895; 4;  1225489; 19148;  1206346; 1225494; 1225489;
 76999846; 13.055; 4;  1241614; 19400;  1222219; 1241619; 1241614;
 77999844; 13.225; 4;  1257739; 19652;  1238092; 1257744; 1257739;
 78999842; 13.395; 4;  1273864; 19904;  1253965; 1273869; 1273864;
 79999840; 13.556; 4;  1289989; 20156;  1269838; 1289994; 1289989;
 80999838; 13.726; 4;  1306113; 20407;  1285711; 1306118; 1306113;
 81999836; 13.895; 4;  1322238; 20659;  1301584; 1322243; 1322238;
 82999834; 14.075; 4;  1338364; 20912;  1317457; 1338369; 1338364;
 83999832; 14.246; 4;  1354489; 21164;  1333330; 1354494; 1354489;
 84999830; 14.416; 4;  1370614; 21416;  1349203; 1370619; 1370614;
 85999828; 14.586; 4;  1386739; 21668;  1365076; 1386744; 1386739;
 86999826; 14.746; 4;  1402864; 21920;  1380949; 1402869; 1402864;
 87999824; 14.915; 4;  1418989; 22172;  1396822; 1418994; 1418989;
 88999822; 15.086; 4;  1435113; 22423;  1412695; 1435118; 1435113;
 89999820; 15.256; 4;  1451238; 22675;  1428568; 1451243; 1451238;
 90999818; 15.416; 4;  1467363; 22927;  1444441; 1467368; 1467363;
 91999816; 15.586; 4;  1483488; 23179;  1460314; 1483493; 1483488;
 92999814; 15.756; 4;  1499613; 23431;  1476187; 1499618; 1499613;
 93999812; 15.926; 4;  1515738; 23683;  1492060; 1515743; 1515738;
 94999810; 16.096; 4;  1531863; 23935;  1507933; 1531868; 1531863;
 95999808; 16.256; 4;  1547988; 24187;  1523806; 1547993; 1547988;
 96999806; 16.426; 4;  1564112; 24438;  1539679; 1564117; 1564112;
 97999804; 16.596; 4;  1580237; 24690;  1555552; 1580242; 1580237;
 98999802; 16.766; 4;  1596362; 24942;  1571425; 1596367; 1596362;
 99999800; 16.927; 4;  1612488; 25195;  1587298; 1612493; 1612488;
 100999798; 17.097; 4;  1628613; 25447;  1603171; 1628618; 1628613;
 101999796; 17.266; 4;  1644738; 25699;  1619044; 1644743; 1644738;
 102999794; 17.438; 4;  1660863; 25951;  1634917; 1660868; 1660863;
 103999792; 17.596; 4;  1676988; 26203;  1650790; 1676993; 1676988;
 104999790; 17.767; 4;  1693112; 26454;  1666663; 1693117; 1693112;
 105999788; 17.938; 4;  1709237; 26706;  1682536; 1709242; 1709237;
 106999786; 18.097; 4;  1725362; 26958;  1698409; 1725367; 1725362;
 107999784; 18.267; 4;  1741487; 27210;  1714282; 1741492; 1741487;
 108999782; 18.443; 4;  1757612; 27462;  1730155; 1757617; 1757612;
 109999780; 18.607; 4;  1773737; 27714;  1746028; 1773742; 1773737;
 110999778; 18.777; 4;  1789862; 27966;  1761901; 1789867; 1789862;
 111999776; 18.945; 4;  1805987; 28218;  1777774; 1805992; 1805987;
 112999774; 19.107; 4;  1822111; 28469;  1793647; 1822116; 1822111;
 113999772; 19.277; 4;  1838236; 28721;  1809520; 1838241; 1838236;
 114999770; 19.447; 4;  1854361; 28973;  1825393; 1854366; 1854361;
 115999768; 19.607; 4;  1870487; 29226;  1841266; 1870492; 1870487;
 116999766; 19.777; 4;  1886612; 29478;  1857139; 1886617; 1886612;
 117999764; 19.947; 4;  1902737; 29730;  1873012; 1902742; 1902737;
 118999762; 20.117; 4;  1918862; 29982;  1888885; 1918867; 1918862;
 119999760; 20.288; 4;  1934987; 30234;  1904758; 1934992; 1934987;
